0.972972972972973
0.468955441928415
0.14202515152113404
0.9299622604461412
0.4410566013704701
0.123928606294359
0.9182239608395844
0.433442569193244
0.11898977461183412
0.9150203943428112
0.43136458011425577
0.11764188980384147
0.9141460906835729
0.4307974642271826
0.11727403085006427
0.9139074794703121
0.4306426893861482
0.11717363635858262
0.9138423587190808
0.4306004488988631
0.11714623712358685
0.9138245862423268
0.4305889208058337
0.11713875944162176
0.913819735854025
0.4305857746080162
0.11713671866465923
0.9138184121068061
0.43058491596117177
0.11713616170454402
0.9138180508353799
0.4305846816229492
0.1171360097013724
0.9138179522387281
0.43058461766836414
0.11713596821731724
0.9138179253301517
0.43058460021415224
0.11713595689566642
0.9138179179863783
0.4305845954506238
0.11713595380580988
0.913817915982147
0.43058459415058176
0.11713595296253967
0.9138179154351608
0.43058459379577974
0.11713595273239757
0.9138179152858796
0.4305845936989489
0.11713595266958866
0.9138179152451387
0.4305845936725225
0.11713595265244692
0.9138179152340197
0.43058459366531027
0.11713595264776885
0.913817915230985
0.4305845936633415
0.1171359526464918
0.913817915230157
0.43058459366280455
0.11713595264614345
0.9138179152299307
0.43058459366265783
0.11713595264604819
0.9138179152298693
0.4305845936626179
0.11713595264602246
0.9138179152298523
0.43058459366260715
0.11713595264601555
0.9138179152298478
0.43058459366260404
0.11713595264601324
0.9138179152298462
0.43058459366260293
0.11713595264601286
0.9138179152298462
0.43058459366260293
0.11713595264601286
0.9138179152298462
0.43058459366260293
0.11713595264601286
0.9138179152298462
0.43058459366260293
0.11713595264601286
0.9138179152298462
0.43058459366260293
0.11713595264601286
0.9138179152298462
0.43058459366260293
0.11713595264601286
0.9138179152298462
0.43058459366260293
0.11713595264601286
0.9138179152298462
0.43058459366260293
0.11713595264601286
0.9138179152298462
